8581
5361
9579
11219
10355
10001
10115
2809
8968
6029
9598
6655
10171
2963
5836
2284
4817
9211
4149
6124
47
9616
155
5092
5299
5055
6768
2647
10759
1163
5171
10033
3566
9853
5586
10329
6631
4265
2442
1455
7134
7358
11078
10255
1052
3773
3221
9298
3317
3884
3105
2876
1895
4259
5508
7865
1706
5480
8647
846
2508
7583
4521
11231
9448
8005
3801
5270
4383
8912
2785
2622
1871
1542
1790
6186
6617
3772
4250
1934
11317
6212
441
1925
8121
1200
3971
3908
10584
8918
9399
172
3550
188
5286
1235
8207
539
7365
1249
6337
1062
4890
553
9185
7585
10277
8623
6098
7012
975
252
3641
7393
10975
8748
6539
1301
454
8050
8413
7371
3731
407
8316
11296
9328
10252
5349
6315
251
229
6480
1948
7024
4166
8515
3625
11220
1714
3120
3066
11065
2093
8799
6866
10377
2038
542
200
8673
9595
7245
1851
1250
4660
8068
2980
2378
4174
1497
11322
8269
1402
580
7377
8606
6178
2348
4319
5408
8187
2928
8925
8587
1159
856
2376
10969
1410
2356
10670
6269
4516
9811
10557
3048
9749
7545
53
7129
1900
9205
4681
1540
6181
8387
6543
11129
8585
