1017
10586
11343
1521
2736
3789
5025
5272
5576
6564
7174
7770
8334
9325
9781
10231
10595
11351
1573
2748
3906
5075
5334
5626
6714
7397
7823
8565
9393
9825
10325
10680
11355
1890
307
4043
5099
5357
5635
6731
7535
7910
8613
9502
10368
10721
1153
19
3152
4303
5231
5420
5912
6774
7547
8001
8815
9555
10537
10824
1173
1944
3172
4315
5243
5476
6048
6784
7584
8054
8997
9590
10542
11049
1273
2065
3583
4637
5244
5524
6094
6976
7626
8306
9086
9605
10563
11264
1492
2292
3621
4725
5257
5558
6329
7058
7670
8312
9221
9709
9652
5847
9862
456
4421
5267
11048
3168
873
10268
1405
7061
7935
4309
938
4294
1842
9582
5270
11278
8609
3212
3639
6204
2585
6106
504
9295
2579
4657
3491
5751
278
4724
7050
8607
9496
5216
9255
1985
7171
6649
4881
10189
2224
1778
9193
9808
3503
10420
6123
4438
9423
10863
6937
6918
5189
10948
817
6253
10525
9364
10197
4984
3536
5756
4805
9270
11238
6637
1195
4493
7672
9332
3944
7918
4389
11310
6491
2572
2476
4020
1303
5899
3566
1423
10564
6933
2514
6982
1650
1141
2869
10104
2157
5009
9562
7044
4208
4549
